image_width: 640
image_height: 480
camera_name: narrow_stereo/left
camera_matrix:
  rows: 3
  cols: 3
  data: [999.240861, 0, 280.459883, 0, 1000.708686, 265.548071, 0, 0, 1]
distortion_model: plumb_bob
distortion_coefficients:
  rows: 1
  cols: 5
  data: [-0.374289, 0.255784, 0.000416, -0.0009, 0]
rectification_matrix:
  rows: 3
  cols: 3
  data: [1, 0, 0, 0, 1, 0, 0, 0, 1]
projection_matrix:
  rows: 3
  cols: 4
  data: [957.076868, 0, 276.63518, 0, 0, 975.730476, 266.183024, 0, 0, 0, 1, 0]