image_width: 640
image_height: 480
camera_name: narrow_stereo/left
camera_matrix:
  rows: 3
  cols: 3
  data: [993.081692, 0, 286.532346, 0, 994.980658, 260.524462, 0, 0, 1]
distortion_model: plumb_bob
distortion_coefficients:
  rows: 1
  cols: 5
  data: [-0.392768, 0.274775, -5.8e-05, 0.000846, 0]
rectification_matrix:
  rows: 3
  cols: 3
  data: [1, 0, 0, 0, 1, 0, 0, 0, 1]
projection_matrix:
  rows: 3
  cols: 4
  data: [949.76479, 0, 283.605926, 0, 0, 969.267554, 260.924425, 0, 0, 0, 1, 0]